=== S343 scan: data/XAUUSD_M5.csv (XAUUSD) — 8748 valid combos ===
  RQS   verd   N   sm    k   cx  side   tp   sl  mh    n    WR    PF    DD MCL     p        net
 28.4 REJECT  21  0.5  1.5  1.6  long  380   90  48   54  42.6  1.80   6.1   6 0.000       2484
 28.1 REJECT  21  0.5  1.0  1.6  long  380   90  48   79  41.8  1.60   7.0   7 0.000       2885
 28.1 REJECT  21  0.5  1.0  1.6  long  380  130  96   76  46.0  1.52   5.0   5 0.000       2315
 27.8 REJECT  21  0.5  1.0  1.6  long  280   90  48   79  43.0  1.58   7.0   7 0.000       2642
 27.8 REJECT  21  0.5  1.5  1.6  long  380  130  96   53  45.3  1.50   5.5   4 0.001       1533
 27.3 REJECT  21  0.5  1.5  1.6  long  380   90  96   54  40.7  1.73   8.1   8 0.000       2768
 26.6 REJECT  21  0.5  1.0  1.6  long  380  130  48   76  46.0  1.41   5.1   6 0.000       1471
 26.6 REJECT  13  0.5  1.5  1.2  long  380  180  96   85  51.8  1.46   8.1   8 0.000       1469
 26.5 REJECT  21  0.5  1.0  1.6  long  280  130  48   76  47.4  1.44   5.1   6 0.003       1503
 26.4 REJECT  21  0.5  1.0  1.6  long  280   90  96   79  43.0  1.64   8.0   8 0.000       3412
 26.4 REJECT  21  0.5  1.0  1.6  long  380  180  96   75  48.0  1.32   3.9   4 0.003       1160
 26.3 REJECT  13  0.5  1.5  0.8  long  200   90  48  132  49.2  1.37   6.1   5 0.000       2578
 26.3 REJECT  13  0.5  1.5  0.8  long  380  180  24  123  51.2  1.33   4.4   5 0.000       1088
 26.2 REJECT  21  0.5  1.0  1.6  long  380   90  96   79  40.5  1.62   8.0   8 0.000       3567
 26.1 REJECT  13  0.5  1.5  0.8  long  380  130  96  124  46.8  1.41   8.8   5 0.000       2866
 26.1 REJECT  13  0.5  0.6  1.2  long  280  130  48  209  52.6  1.35   6.4   4 0.000       2856
 26.1 REJECT  21  0.5  1.0  1.6  long  280  130  96   76  48.7  1.54   5.0   5 0.002       2215
 26.0 REJECT  13  0.5  0.6  1.2  long  380  130  96  202  46.5  1.40   6.7   8 0.000       4356
 26.0 REJECT  21  0.5  1.5  1.6  long  280   90  96   54  42.6  1.63   9.0   8 0.002       2211
 26.0 REJECT  13  0.5  1.5  0.8  long  280  180  96  120  53.3  1.41   9.2   5 0.001       1944
